0.321533
0.321533
0.376465
0.364746
0.380371
0.368652
0.36084
0.364746
0.384277
0.368652
0.349121
0.364746
0.372559
0.376465
0.474609
0.57666
0.717773
0.819824
0.85498
0.851074
0.858887
0.878418
0.866699
0.862793
0.862793
0.858887
0.851074
0.839355
0.82373
0.815918
0.760742
0.674316
0.615723
0.646973
0.72168
0.799805
0.831543
0.858887
0.878418
0.88623
0.897949
0.905762
0.913574
0.929199
0.925293
0.925293
0.921387
0.925293
0.933105
0.933105
0.929199
0.925293
0.925293
0.949219
0.941406
0.937012
0.929199
0.925293
0.897949
0.866699
0.745117
0.529297
0.556641
0.548828
0.42749
0.388184
0.39209
0.435303
0.380371
0.317627
0.321533
0.313721
0.325439
0.305908
0.364746
0.415771
0.423584
0.399902
0.282471
0.286377
0.353027
0.454834
0.337158
0.341064
0.443115
0.454834
0.407959
0.490234
0.399902
0.439209
0.423584
0.462646
0.462646
0.39209
0.443115
0.466553
0.439209
0.498047
0.423584
0.372559
0.372559
0.395996
0.447021
0.529297
0.541016
0.435303
0.604004
0.654785
0.505859
0.39209
0.376465
0.372559
0.45874
0.42749
0.309814
0.368652
0.388184
0.399902
0.466553
0.556641
0.568848
0.552734
0.353027
0.309814
0.349121
0.474609
0.462646
0.447021
0.42749
0.447021
0.423584
0.548828
0.623535
0.572754
0.517578
0.384277
0.329346
0.395996
0.592285
0.658691
0.501953
0.466553
0.333252
0.274414
0.341064
0.356934
0.341064
0.309814
0.349121
0.36084
0.447021
0.423584
0.462646
0.486328
0.415771
0.376465
0.439209
0.353027
0.309814
0.353027
0.372559
0.372559
0.439209
0.541016
0.517578
0.353027
0.345215
0.407959
0.486328
0.537109
0.45874
0.494141
0.604004
0.529297
0.478516
0.478516
0.552734
0.592285
0.596191
0.588379
0.604004
0.611816
0.67041
0.646973
0.646973
0.674316
0.686035
0.706055
0.72168
0.741211
0.737305
0.75293
0.75293
0.776367
0.772461
0.776367
0.780273
0.791992
0.799805
0.82373
0.795898
0.795898
0.795898
0.803711
0.807617
0.807617
0.815918
0.82373
0.82373
0.807617
0.827637
0.819824
0.819824
0.819824
0.815918
0.82373
0.819824
0.811523
0.831543
0.811523
0.827637
0.843262
0.835449
0.831543
0.831543
0.831543
0.831543
0.843262
0.835449
0.851074
0.831543
0.85498
0.851074
0.851074
0.843262
0.839355
0.858887
0.858887
0.85498
0.862793
0.862793
0.866699
0.878418
0.870605
0.874512
0.866699
0.866699
0.870605
0.878418
0.858887
0.866699
0.862793
0.870605
0.878418
0.866699
0.870605
0.870605
0.862793
0.874512
0.874512
0.870605
0.870605
0.882324
0.88623
0.878418
0.874512
0.870605
0.870605
0.882324
0.882324
0.88623
0.874512
0.882324
0.878418
0.882324
0.890137
0.890137
0.882324
0.882324
0.862793
0.878418
0.862793
0.866699
0.870605
0.878418
0.890137
0.878418
0.882324
0.878418
0.88623
0.874512
0.878418
0.878418
0.870605
0.878418
0.882324
0.88623
0.874512
0.882324
0.878418
0.88623
0.878418
0.878418
0.878418
0.874512
0.874512
0.866699
0.882324
0.866699
0.874512
0.878418
0.88623
0.882324
0.866699
0.870605
0.866699
0.870605
0.874512
0.878418
0.874512
0.878418
0.874512
0.878418
0.878418
0.874512
0.882324
0.88623
0.882324
0.878418
0.874512
0.878418
0.874512
0.88623
0.878418
0.882324
0.878418
0.874512
0.874512
0.874512
0.874512
0.878418
0.874512
0.878418
0.88623
0.882324
0.894043
0.882324
0.874512
0.88623
0.88623
0.878418
0.88623
0.874512
0.890137
0.897949
0.897949
0.890137
0.894043
0.894043
0.897949
0.901855
0.88623
0.897949
0.909668
0.905762
0.913574
0.909668
0.909668
0.91748
0.921387
0.921387
0.929199
0.925293
0.921387
0.933105
0.929199
0.941406
0.941406
0.941406
0.937012
0.929199
0.905762
0.819824
0.702148
0.623535
0.619629
0.588379
0.552734
0.533203
0.529297
0.552734
0.560547
0.552734
0.556641
0.556641
0.564941
0.568848
0.584473
0.592285
0.611816
0.604004
0.623535
0.619629
0.60791
0.686035
0.698242
0.713867
0.768555
0.756836
0.803711
0.811523
0.827637
0.819824
0.803711
0.791992
0.807617
0.78418
0.78418
0.811523
0.799805
0.799805
0.780273
0.776367
0.791992
0.811523
0.819824
0.835449
0.851074
0.851074
0.847168
0.82373
0.815918
0.803711
0.776367
0.749023
0.698242
0.682129
0.63916
0.604004
0.588379
0.600098
0.592285
0.572754
0.548828
0.513672
0.513672
0.509766
0.486328
0.450928
0.490234
0.466553
0.501953
0.533203
0.541016
0.552734
0.556641
0.572754
0.552734
0.552734
0.556641
0.525391
0.525391
0.533203
0.525391
0.537109
0.560547
0.584473
0.600098
0.627441
0.662598
0.662598
0.69043
0.713867
0.682129
0.69043
0.678223
0.666504
0.662598
0.650879
0.643066
0.611816
0.568848
0.541016
0.509766
0.482422
0.443115
0.415771
0.403809
0.395996
0.399902
0.368652
0.376465
0.353027
0.356934
0.36084
0.384277
0.368652
0.380371
0.415771
0.423584
0.45874
0.470703
0.470703
0.517578
0.57666
0.596191
0.635254
0.678223
0.694336
0.702148
0.709961
0.725586
